 11,314929101 
 11,3257747906041 
 11,3584240658708 
 11,4132164578987 
 11,4907276995578 
 11,5917850048968 
 11,7174895176804 
 11,8692470885608 
 12,048809031403 
 12,2583251465487 
 12,5004121499919 
 12,7782418104579 
 13,0956547165298 
 13,4573078930019 
 13,8688677987296 
 14,3372651005865 
 14,8710348861554 
 15,4807770570825 
 16,179788899279 
 16,984949336961 
 17,9179794027085 
 19,0072793320251 
 20,290674845748 
 21,819644167274 
 23,6660485577236 
 25,9332850345122 
 28,7756671640391 
 32,4341081208559 
 37,3067117737656 
 44,1018735628021 
 54,2136253915463 
 70,8157270078071 
 103,032890639997 
 192,194961694176 
 1619,52924686027 
-247,094046889027 
-113,812428151458 
-73,5483554743458 
-54,1321428890679 
-42,7116945004132 
-35,1977379880531 
-29,8831260745841 
-25,9287725879005 
-22,8741431652284 
-20,4454206087497 
-18,4695912764793 
-16,831970993566 
-15,4535375799238 
-14,2780714582214 
-13,2644861847171 
-12,3820592284732 
-11,6073593363024 
-10,9222057744481 
-10,3122765935478 
-9,76613723276678 
-9,27454845350419 
-8,82996418209626 
-8,42616112514789 
-8,0579615082959 
-7,72102272330451 
-7,41167577623126 
-7,12679982118742 
-6,86372371463046 
-6,62014803743916 
-6,39408278724551 
-6,18379718695484 
-5,98777894767018 
-5,80470097232979 
-5,63339396779394 
-5,47282372190692 
-5,32207233539173 
-5,18032228161612 
-5,04684318953616 
-4,92098057800751 
-4,80214630710017 
-4,68981043229661 
-4,58349422758463 
-4,48276418651569 
-4,38722684511719 
-4,29652429831936 
-4,21033030402236 
-4,12834688694628 
-4,05030136911941 
-3,97594376584167 
-3,90504449576064 
-3,83739236180385 
-3,77279276634827 
-3,71106612959122 
-3,65204648468059 
-3,59558022700557 
-3,54152499832344 
-3,48974868907973 
-3,44012854461307 
-3,39255036285213 
-3,34690777280799 
-3,30310158452568 
-3,26103920240603 
-3,220634094824 
-3,18180531383231 
-3,14447705953833 
-3,10857828426738 
-3,07404233172743 
-3,04080659446607 
-3,00881234662601 
-2,97800410806479 
-2,94832986864568 
-2,91974054319945 
-2,89218985785234 
-2,86563415045928 
-2,84003219287021 
-2,81534502782581 
-2,79153581879011 
-2,76856971149184 
-2,74641370611871 
-2,72503653921146 
-2,70440857444318 
-2,68450170145874 
-2,66528924217462 
-2,64674586381669 
-2,62884749823088 
-2,61157126686861 
-2,59489541104806 
-2,57879922704384 
-2,56326300561278 
-2,54826797562791 
-2,53379625148911 
-2,51983078402499 
-2,50635531462101 
-2,49335433233021 
-2,48081303374627 
-2,46871728543023 
-2,45705358872159 
-2,44580904673798 
-2,43497133343553 
-2,42452866459225 
-2,41446977069841 
-2,40478387353132 
-2,39546063574707 
-2,38649021948051 
-2,37786314854353 
-2,36957037341799 
-2,36160322308092 
-2,35395338999146 
-2,34661291344162 
-2,33957416369248 
-2,33282982696692 
-2,32637289127147 
-2,32019663299034 
-2,31429460422291 
-2,30866062078853 
-2,30328875089282 
-2,29817330439358 
-2,29330882263801 
-2,28869006883632 
-2,28431201893622 
-2,28016985297592 
-2,27625894689858 
-2,27257486476037 
-2,26911335136124 
-2,2658703252409 
-2,26284187204236 
-2,26002423819551 
-2,25741382491864 
-2,25500718257125 
-2,25280100519732 
-2,25079212545654 
-2,24897750978104 
-2,24735425385591 
-2,24591957869414 
-2,2446708285363 
-2,24360548800162 
-2,24272081884612 
-2,24201511448484 
-2,24148571947469 
-2,24113060793282 
-2,24094777209793 
-2,24093529542532 
-2,24109135378533 
-2,24141421354046 
-2,24190222921126 
-2,24255384114116 
-2,24336757328692 
-2,24434203100528 
-2,24547589906579 
-2,24676793968536 
-2,24821699067753 
-2,24982196374335 
-2,25158184278502 
-2,25349568236738 
-2,25556260623598 
-2,25778180593648 
-2,26015253949717 
-2,26267413022479 
-2,26534596549611 
-2,26816749573434 
-2,27113823336997 
-2,2742577519027 
-2,27752568503347 
-2,2809417258586 
-2,28450562614087 
-2,28821719564675 
-2,29207630165622 
-2,29608286874693 
-2,3002368797593 
-2,3045383884985 
-2,30898713974836 
-2,31358408706168 
-2,31832877023093 
-2,32322160949942 
-2,32826292198508 
-2,33345307287719 
-2,33879248014396 
-2,3442816153696 
-2,34992100391101 
-2,35571122505528 
-2,36165291212153 
-2,3677467526382 
-2,37399348853037 
-2,38039391636559 
-2,38694888764328 
-2,39365930912872 
-2,40052614324442 
-2,40755040849504 
-2,41473317995748 
-2,42207558980521 
-2,42957882790075 
-2,43724414241728 
-2,44507284054862 
-2,45306628920174 
-2,46122591583874 
-2,46955320927739 
-2,47804972066435 
-2,48671706431796 
-2,49555691885548 
-2,50457102820902 
-2,51376120277503 
-2,52312932059837 
-2,53267732857663 
-2,54240724339391 
-2,55232118913499 
-2,5624212312051 
-2,5727096967674 
-2,58318887132092 
-2,59386114541272 
-2,60472898968673 
-2,61579495645515 
-2,62706168160585 
-2,63853188656653 
-2,65020838047485 
-2,66209406235483 
-2,67419192348719 
-2,68650504970381 
-2,6990366240642 
-2,71178992934797 
-2,72476835086776 
-2,73797537936771 
-2,75141461394436 
-2,76508976521161 
-2,77900465854619 
-2,79316323749468 
-2,80756956731671 
-2,82222783868417 
-2,83714237155661 
-2,85231761920443 
-2,86775817242427 
-2,8834687639322 
-2,89945427295114 
-2,91571973000149 
-2,93227032190383 
-2,94911139698968 
-2,96624847055065 
-2,98368723042799 
-3,00143354229979 
-3,01949339409821 
-3,03787323814911 
-3,05657929199803 
-3,07561828363654 
-3,09499707114834 
-3,11472273436322 
-3,13480258209049 
-3,1552441605731 
-3,17605526239187 
-3,1972439358759 
-3,21881849493364 
-3,24078752937708 
-3,26315991574715 
-3,28594482868902 
-3,30915175284437 
-3,33279049539459 
-3,35687119918937 
-3,3814043565645 
-3,4064008238535 
-3,43187183664742 
-3,45782902584556 
-3,48428443455051 
-3,51125053584047 
-3,53874025148755 
-3,56676697170868 
-3,59534457592677 
-3,62448745471827 
-3,65421053293423 
-3,68452929412875 
-3,71545980634268 
-3,74701874937781 
-3,7792234437211 
-3,81209188136755 
-3,84564276067077 
-3,87989560102316 
-3,91487025507174 
-3,95058816939364 
-3,98707102805288 
-4,02434160444021 
-4,06242360479723 
-4,1013417237184 
-4,14112169656184 
-4,1817903545386 
-4,22337568311068 
-4,26590688425735 
-4,30941444268163 
-4,35393019652403 
-4,39948741268074 
-4,44612086733355 
-4,49386693195409 
-4,54276366526015 
-4,59285091163042 
-4,64417040651584 
-4,69676588939443 
-4,75068322496736 
-4,80597053320694 
-4,86267832917379 
-4,92085967331518 
-4,98057033324572 
-5,04186895807709 
-5,10481726633584 
-5,16948024888034 
-5,23592638806624 
-5,30422789482102 
-5,37446096526591 
-5,44670605882115 
-5,52104819962139 
-5,59757730250156 
-5,67638849288672 
-5,75758278779438 
-5,84126675755447 
-5,92755393949283 
-6,01656473692165 
-6,10842714459622 
-6,20327734383049 
-6,30126036575386 
-6,40253082111628 
-6,50725370379369 
-6,61560527652781 
-6,72777404903574 
-6,84396185977297 
-6,9643850744315 
-7,08927591617048 
-7,21888394475456 
-7,35347770438655 
-7,49334656319133 
-7,63880277079299 
-7,79018376481155 
-7,94785476211245 
-8,11221167667316 
-8,28368441316365 
-8,46274059387697 
-8,64988978706579 
-8,84568831711376 
-9,05074475226996 
-9,26572618382902 
-9,49136543327087 
-9,72846935144051 
-9,97792840769846 
-10,2407278092977 
-10,5179604434109 
-10,810842000386 
-11,1207287134602 
-11,4491383369515 
-11,7977747269071 
-12,168557559046 
-12,5636573974844 
-12,9855381398956 
-13,4370082937622 
-13,9212834050711 
-14,4420625690658 
-15,0036228733289 
-15,6109368756987 
-16,2698199495565 
-16,9871167472732 
-17,7709394591061 
-18,630975467839 
-19,5788891834839 
-20,6288535020289 
-21,7982624433505 
-23,1087013690363 
-24,5872903610084 
-26,2685796734544 
-28,1972814136404 
-30,4323020230154 
-33,0528605245558 
-36,1680699288171 
-39,9325070189288 
-44,5726447761802 
-50,4341525100484 
-58,0721961064924 
-68,438488542204 
-83,3123193305756 
-106,449966377546 
-147,386596735659 
-239,49529518577 
-638,63637863594 
 957,933005463473 
 273,690416769214 
 159,650815571231 
 112,693914802016 
 87,0815065787084 
 70,9555370317812 
 59,8692359817915 
 51,7794928242339 
 45,6161067822821 
 40,7642816791526 
 36,8456814186329 
 33,6147194233038 
 30,9050306026162 
 28,5999110964475 
 26,6150747922069 
 24,8881280820945 
 23,3718953186861 
 22,0300458378888 
 20,8341469524352 
 19,7616283907764 
 18,794345430418 
 17,917544891036 
 17,1191080937959 
 16,3889879335665 
 15,7187843760972 
 15,1014202313877 
 14,5308906149715 
 14,0020672716684 
 13,5105442394103 
 13,0525150102973 
 12,6246739361849 
 12,2241364741748 
 11,8483742024964 
 11,4951615199122 
 11,16253140026 
 10,8487397088485 
 10,5522332425555 
 10,2716252978253 
 10,0056735582617 
 9,75326183010596 
 9,51338443537666 
 9,28513286499448 
 9,06768432022248 
 8,86029183821486 
 8,6622757519723 
 8,47301627886018 
 8,29194706752736 
 8,118549561699 
 7,952348062621 
 7,7929053912722 
 7,63981906690844 
 7,49271793173604 
 7,35125916207322 
 7,21512561531538 
 7,08402346953652 
 6,95768011871393 
 6,83584229184949 
 6,71827436875984 
 6,60475686882988 
 6,49508509246742 
 6,38906789749003 
 6,28652659508885 
 6,18729395196254 
 6,09121328688953 
 5,99813765149447 
 5,9079290862455 
 5,82045794411389 
 5,73560227782503 
 5,65324710512302 
 5,57328463452805 
 5,49561245460688 
 5,42013432992571 
 5,34675925221453 
 5,27540117127384 
 5,20597866362167 
 5,13841462596634 
 5,07263599253914 
 5,00857347429302 
 4,94616131803074 
 4,88533708375585 
 4,82604143861621 
 4,76821796603986 
 4,71181298876114 
 4,6567754046138 
 4,60305653394152 
 4,55060997777277 
 4,49939148582872 
 4,449358833595 
 4,40047170772779 
 4,3526915991772 
 4,30598170335973 
 4,26030682693397 
 4,21563330059412 
 4,17192889748444 
 4,1291627567871 
 4,08730531211982 
 4,0463282244101 
 4,00620431885918 
 3,96690752579567 
 3,92841282507314 
 3,89069619382105 
 3,85373455720157 
 3,81750574219195 
 3,78198843393042 
 3,74716213461867 
 3,71300712475163 
 3,67950442655648 
 3,64663576943554 
 3,61438355736499 
 3,58273083804562 
 3,55166127375701 
 3,52115911373479 
 3,49120916812492 
 3,46179678317416 
 3,43290781785291 
 3,40452862159485 
 3,37664601327425 
 3,34924726112462 
 3,32232006388539 
 3,29585253264239 
 3,26983317377508 
 3,2442508726594 
 3,21909487818896 
 3,19435478801049 
 3,17002053455538 
 3,14608237163292 
 3,1225308617612 
 3,09935686401141 
 3,07655152249439 
 3,05410625531414 
 3,03201274407324 
 3,0102629238481 
 2,98884897360216 
 2,96776330707151 
 2,94699856402357 
 2,92654760221148 
 2,90640349794079 
 2,88655948668148 
 2,86700907079594 
 2,84774588670703 
 2,82876376763702 
 2,81005672106147 
 2,79161892290553 
 2,7734447117587 
 2,75552858320411 
 2,73786518444992 
 2,72044930914663 
 2,70327589241072 
 2,68634000605054 
 2,66963685402298 
 2,65316176800064 
 2,63691020316649 
 2,62087773416428 
 2,60506005120502 
 2,58945295631191 
 2,57405235972229 
 2,55885427645771 
 2,54385482293174 
 2,52905021381353 
 2,51443675889504 
 2,50001086015624 
 2,48576900889648 
 2,47170778297591 
 2,45782384418107 
 2,44411393565689 
 2,4305748794682 
 2,41720357418589 
 2,4039969926749 
 2,39095217986572 
 2,37806625083644 
 2,36533639308889 
 2,35275983342099 
 2,34033391269101 
 2,32805599235368 
 2,31592350826669 
 2,30393395412584 
 2,29208488048093 
 2,2803738931923 
 2,26879865195219 
 2,25735686867139 
 2,24604630615772 
 2,23486477664124 
 2,2238101404429 
 2,21288030465912 
 2,20207322188703 
 2,19138688900388 
 2,18081934597855 
 2,17036867470228 
 2,16003299792024 
 2,14981047808275 
 2,139699316382 
 2,12969775167307 
 2,11980405952985 
 2,11001655128365 
 2,10033357309256 
 2,0907535050913 
 2,08127476045313 
 2,07189578461789 
 2,0626150544423 
 2,05343107740841 
 2,04434239085608 
 2,03534756120209 
 2,0264451830863 
 2,01763387805075 
 2,00891228358034 
 2,00027914484687 
 1,99173305997037 
 1,98327281168452 
 1,97489714521209 
 1,96660483509332 
 1,95839467979979 
 1,95026550075114 
 1,94221614168487 
 1,93424546809518 
 1,9263523667281 
 1,91853574507457 
 1,9107945308958 
 1,90312767175063 
 1,89553413453464 
 1,88801290506271 
 1,88056298760213 
 1,87318340448935 
 1,86587319570197 
 1,85863141848147 
 1,8514571469207 
 1,84434947161995 
 1,83730749929542 
 1,83033035245326 
 1,82341716901294 
 1,81656710198768 
 1,80977931916969 
 1,80305300276553 
 1,79638734914225 
 1,78978156847872 
 1,78323488452888 
 1,7767465342448 
 1,77031576763356 
 1,76394184751063 
 1,75762405072807 
 1,75136165089909 
 1,7451539706193 
 1,73900030608384 
 1,73289998174767 
 1,72685233124676 
 1,72085669899848 
 1,71491244012315 
 1,70901892023571 
 1,7031755152674 
 1,69738161122169 
 1,69163660401484 
 1,68593989926756 
 1,68029091205202 
 1,67468906683218 
 1,6691337971176 
 1,66362454543701 
 1,65816076305361 
 1,65274190984567 
 1,64736745414331 
 1,64203687251858 
 1,63674964967598 
 1,63150527829366 
 1,62630325880697 
 1,62114309936546 
 1,61602431557462 
 1,61094643041926 
 1,60590897417022 
 1,60091148413266 
 1,59595350460127 
 1,59103458672866 
 1,58615428839307 
 1,58131217420366 
 1,57650781575799 
 1,57174079541503 
 1,56701063940464 
 1,56231705158014 
 1,55765954577112 
 1,55303773970908 
 1,54845124182401 
 1,54389966528242 
 1,53938262864228 
 1,53489975583372 
 1,53045067618602 
 1,52603502431 
 1,52165243992736 
 1,51730256792549 
 1,5129850581713 
 1,50869956545384 
 1,5044457493939 
 1,50022327437132 
 1,49603180943022 
 1,49187102819791 
 1,48774060883014 
 1,4836402338709 
 1,47956959031161 
 1,47552836931181 
 1,47151626631314 
 1,46753298095217 
 1,46357821664682 
 1,45965168124347 
 1,4557530862596 
 1,45188214713299 
 1,44803858314122 
 1,4442221172952 
 1,44043247637787 
 1,43666939094996 
 1,43293259576986 
 1,42922183376037 
 1,42553673946669 
 1,42187730490174 
 1,4182430748006 
 1,41463385053407 
 1,41104938862088 
 1,40748944672696 
 1,40395378536572 
 1,40044216797781 
 1,39695436100709 
 1,3934901338395 
 1,39004925878588 
 1,38663151103942 
 1,38323666862011 
 1,3798645123418 
 1,37651482577651 
 1,37318739518412 
 1,36988200949762 
 1,36659846028879 
 1,36333654162486 
 1,36009605036765 
 1,35687678554115 
 1,35367854885652 
 1,35050114438412 
 1,34734437860148 
 1,34420806037918 
 1,34109200081918 
 1,33799601338973 
 1,33491991375409 
 1,33186351985493 
 1,32882665175678 
 1,3258091317119 
 1,32281078408842 
 1,31983143534052 
 1,31687091409889 
 1,31392904493394 
 1,31100567676514 
 1,30810062876226 
 1,30521374202844 
 1,30234485500305 
 1,29949380794214 
 1,29666044293373 
 1,29384460390899 
 1,29104613660242 
 1,28826488851173 
 1,28550070890539 
 1,28275344876077 
 1,28002296077095 
 1,27730909930108 
 1,27461172038471 
 1,27193068166076 
 1,26926584241126 
 1,26661706345452 
 1,26398420724663 
 1,26136713772292 
 1,25876572035458 
 1,25617982212863 
 1,25360931149941 
 1,25105405838468 
 1,24851393414364 
 1,24598881153206 
 1,24347856474088 
 1,2409830693234 
 1,23850220219042 
 1,23603584160203 
 1,23358386715246 
 1,23114615974603 
 1,22872260159593 
 1,22631307634721 
 1,22391748001354 
 1,22153566139533 
 1,21916754736754 
 1,21681301185954 
 1,21447194469974 
 1,21214423665148 
 1,209829779634 
 1,20752846670385 
 1,20524019203061 
 1,20296485089515 
 1,20070233968412 
 1,19845255586985 
 1,1962153979888 
 1,19399076563506 
 1,19177855944329 
 1,18957868111329 
 1,18739103326623 
 1,18521551965061 
 1,18305204493872 
 1,18090051476953 
 1,17876083577183 
 1,17663291554166 
 1,17451666260121 
 1,17241198635699 
 1,17031879722662 
 1,16823700646166 
 1,16616652625751 
 1,16410726964256 
 1,1620591505583 
 1,16002208384134 
 1,15799598512477 
 1,15598077095497 
 1,15397635887169 
 1,15198266786504 
 1,1499996352462 
 1,14802710730213 
 1,14606509432984 
 1,1441134791624 
 1,14217218591899 
 1,14024113778328 
 1,13832025845022 
 1,13640947230017 
 1,13450870445103 
 1,132617880691 
 1,13073692756454 
 1,12886577229229 
 1,12700434280361 
 1,12515256772951 
 1,12331037636284 
 1,12147769869955 
 1,11965446536173 
 1,11784060767513 
 1,11603605759589 
 1,1142407477157 
 1,112454611286 
 1,11067758216428 
 1,10890959486578 
 1,10715058446819 
 1,10540048670522 
 1,10365923789513 
 1,10192677494895 
 1,10020303538469 
 1,09848795730109 
 1,09678147941258 
 1,09508354103389 
 1,09339408219004 
 1,09171304387793 
 1,09004036970041 
 1,08837603646998 
 1,08671980913834 
 1,08507187797857 
 1,08343206208756 
 1,08180031626036 
 1,0801765861071 
 1,07856081667671 
 1,07695295314575 
 1,07535294117215 
 1,0737607268075 
 1,0721762565831 
 1,07059947750274 
 1,06903033702256 
 1,06746878307757 
 1,06591476405269 
 1,06436822879454 
 1,06282912659649 
 1,06129740721112 
 1,05977302081291 
 1,05825591802291 
 1,0567460499108 
 1,05524336794473 
 1,05374782403572 
 1,05225937051636 
 1,05077796012077 
 1,04930354600487 
 1,04783608173317 
 1,04637552125757 
 1,04492181893695 
 1,04347492953997 
 1,04203480821348 
 1,04060141057249 
 1,03917469255025 
 1,03775461098788 
 1,03634112713292 
 1,03493416800744 
 1,03353373921494 
 1,03213977060393 
 1,03075222395086 
 1,0293710581436 
 1,02799623210344 
 1,02662770502822 
 1,02526543644668 
 1,02390938616789 
 1,02255951439337 
 1,0212157816339 
 1,01987814866827 
 1,01854657669854 
 1,0172210271851 
 1,01590146193264 
 1,01458784303133 
 1,01328013292065 
 1,01197829428913 
 1,01068229024879 
 1,00939208407527 
 1,00810763942239 
 1,00682892022408 
 1,00555589072272 
 1,0042885154407 
 1,00302675916733 
 1,00177058702213 
 1,00051996439186 
 0,999274856950069 
 0,99803523066629 
 0,996801051862771 
 0,995572287160659 
 0,994348903798403 
 0,993130870453724 
 0,991918167292585 
 0,990710645875798 
 0,989508489306145 
 0,988311522115365 
 0,987119737905606 
 0,985933107527246 
 0,984751600372318 
 0,983575185687213 
 0,982403832883299 
 0,981237511517316 
 0,980076191377117 
 0,978919842494897 
 0,97776843507753 
 0,976621939627579 
 0,975480326842197 
 0,974343567618962 
 0,973211633122711 
 0,972084494719248 
 0,970962123987233 
 0,969844492741432 
 0,968731573001594 
 0,967623337001386 
 0,96651975719657 
 0,965420806241711 
 0,9643264570109 
 0,963236682571716 
 0,962151456211073 
 0,961070751412657 
 0,959994541865993 
 0,958922801461557 
 0,957855504299719 
 0,956792624574822 
 0,955734137247537 
 0,954680016975809 
 0,953630241228132 
 0,952584750168101 
 0,951543594265806 
 0,950506691388417 
 0,94947403002334 
 0,948445586768172 
 0,947421337764914 
 0,9464012591877 
 0,945385327395163 
 0,944373518872394 
 0,943365810278439 
 0,942362178466739 
 0,941362600364281 
 0,940367053199787 
 0,939375514257319 
 0,938387961108663 
 0,937404371334347 
 0,936424722784791 
 0,935448993418089 
 0,934477161398446 
 0,933509204996472 
 0,932545102723045 
 0,931584833139832 
 0,930628375019404 
 0,929675707285772 
 0,928726809005032 
 0,927781659399048 
 0,926840237841804 
 0,925902523834769 
 0,924968497069506 
 0,924038137345918 
 0,923111424656939 
 0,922188339206636 
 0,921268861484877 
 0,920352973474804 
 0,919440608938399 
 0,918531866770955 
 0,917626624286446 
 0,916724891022086 
 0,915826648938854 
 0,914931879425131 
 0,914040563879806 
 0,913152683771324 
 0,912268220674469 
 0,911387156306058 
 0,910509472516548 
 0,909635151239583 
 0,90876417456566 
 0,907896524702592 
 0,907032183965577 
 0,906171134808016 
 0,905313359795278 
 0,904458841575811 
 0,90360756307967 
 0,902759507097623 
 0,901914656719269 
 0,901072995096255 
 0,900234505492896 
 0,899399171302669 
 0,898566976007676 
 0,897737903233608 
 0,896911936685816 
 0,896089060192825 
 0,895269257685739 
 0,894452513227271 
 0,893638810952761 
 0,89282813513091 
 0,892020470115748 
 0,891215800391151 
 0,890414187069254 
 0,889615385161368 
 0,88881960912977 
 0,88802676727146 
 0,887236844578137 
 0,886449826118743 
 0,885665697079432 
 0,88488444273376 
 0,88410604844375 
 0,883330499685308 
 0,882557782023726 
 0,881787881105832 
 0,881020782695283 
 0,880256472635207 
 0,879494936853869 
 0,878736161401603 
 0,877980132376277 
 0,877226835996765 
 0,876476258568505 
 0,875728386479315 
 0,874983206263783 
 0,874240704292951 
 0,873500867428843 
 0,872763682338908 
 0,872029135837817 
 0,871297214832294 
 0,870567906329933 
 0,869841197401498 
 0,869117075217947 
 0,868395527029081 
 0,867676540191157 
 0,866960102178606 
 0,866246200664582 
 0,865534824142686 
 0,864825988885717 
 0,864119579100146 
 0,863415700869585 
 0,862714295304577 
 0,862015351961389 
 0,861318859162112 
 0,860624805082593 
 0,859933177952073 
 0,859243966020956 
 0,858557157631004 
 0,857872741183361 
 0,857190705146694 
 0,856511038064773 
 0,855833728540562 
 0,855158765258125 
 0,854486136970991 
 0,853815832374937 
 0,853147840735464 
 0,852482150623387 
 0,851818751198635 
 0,851157631550181 
 0,850498780821358 
 0,849842188245785 
 0,849187843098839 
 0,848535734726929 
 0,847885852533009 
 0,847238185959291 
 0,846592724524705 
 0,845949457714872 
 0,845308375139903 
 0,84466946616796 
 0,844032719953738 
 0,843398124521977 
 0,842765662092207 
 0,842135199601907 
 0,841507275329821 
 0,840881162447077 
 0,840257183370924 
 0,839635304588157 
 0,839015512708757 
 0,838397796968608 
 0,837782147323745 
 0,837168554000821 
 0,836557007411111 
 0,835947498049318 
 0,835340016509579 
 0,834734553437127 
 0,834131099562322 
 0,833529645630543 
 0,83293018255838 
 0,832332701163695 
 0,831737192430889 
 0,831143647380667 
 0,830552057003285 
 0,829962412486838 
 0,829374704956111 
 0,828788925661865 
 0,828205065847302 
 0,827623116833775 
 0,827043070004859 
 0,826464916790306 
 0,825888648669935 
 0,825314257132594 
 0,824741733834229 
 0,82417107035873 
 0,82360225849882 
 0,823035290168016 
 0,822470157913418 
 0,821906862293665 
 0,821345345646914 
 0,820785674152906 
 0,82022779976131 
 0,819671718918133 
 0,819117424251132 
 0,818564907978325 
 0,818014162395927 
 0,817465179619876 
 0,816917951909299 
 0,816372471565753 
 0,815828730871317 
 0,815286722223924 
 0,814746437992956 
 0,814207870642325 
 0,813671012644219 
 0,813135856533389 
 0,812602394873238 
 0,812070620275433 
 0,81154052540852 
 0,811012102932786 
 0,810485345639761 
 0,80996024618591 
 0,809436797550594 
 0,808914992467499 
 0,808394823867791 
 0,807876284685148 
 0,80735936788716 
 0,806844066485138 
 0,806330373514044 
 0,805818282088391 
 0,80530778524656 
 0,804798876114169 
 0,804291547644983 
 0,80378579067415 
 0,803281616214238 
 0,802778987049244 
 0,802277915495382 
 0,801778392004794 
 0,801280409740352 
 0,800783962045155 
 0,800289042389306 
 0,799795644302647 
 0,799303761342086 
 0,798813387098087 
 0,798324515213323 
 0,797837139355256 
 0,797351253215763 
 0,7968668505555 
 0,796383925133779 
 0,79590247075386 
 0,795422481270252 
 0,794943950535515 
 0,794466872471842 
 0,793991241006501 
 0,793517050104083 
 0,793044293787917 
 0,792572966078994 
 0,792103061006275 
 0,791634572693299 
 0,791167495251781 
 0,790701822813068 
 0,790237549519497 
 0,789774669528898 
 0,789313176957939 
 0,788853065804605 
 0,788394329656677 
 0,787936960376756 
 0,78748093505977 
 0,78702643843536 
 0,786573084268401 
 0,786121138939533 
 0,785670542555653 
 0,785221285465335 
 0,784773361178919 
 0,784326763851355 
 0,783881487947045 
 0,78343752803403 
 0,782994878694658 
 0,78255353459541 
 0,782113490440052 
 0,781674740968741 
 0,78123728094122 
 0,780801105145854 
 0,780366208419294 
 0,779932585630446 
 0,779500231604901 
 0,779069141294064 
 0,778639309636566 
 0,778210731571246 
 0,777783402114205 
 0,777357316256842 
 0,776932469049323 
 0,776508855561483 
 0,776086470895349 
 0,775665310180108 
 0,77524536857139 
 0,774826641276315 
 0,774409123548037 
 0,773992810750514 
 0,77357769845831 
 0,773163783060079 
 0,772751066535868 
 0,772339416904522 
 0,771929126515231 
 0,771519947711129 
 0,771111936627379 
 0,770705091566742 
 0,770299408616485 
 0,769894883467335 
 0,769491511699781 
 0,769089288855467 
 0,768688210495578 
 0,768288272184989 
 0,767889469463985 
 0,767491797966756 
 0,767095253282481 
 0,766699831056182 
 0,766305526940783 
 0,76591233660864 
 0,765520255754459 
 0,765129280099779 
 0,764739405380716 
 0,764350627359412 
 0,76396294181194 
 0,763576344542564 
 0,76319083136604 
 0,762806398133263 
 0,762423040701561 
 0,76204075495208 
 0,761659536786459 
 0,761279382142941 
 0,760900286941717 
 0,76052224715585 
 0,760145258764755 
 0,759769317752952 
 0,75939442007539 
 0,759020565722256 
 0,758647739899833 
 0,758275948840856 
 0,757905185556396 
 0,757535446117743 
 0,757166726642113 
 0,75679902327099 
 0,756432332199596 
 0,7560666496045 
 0,755701971710035 
 0,755338294729041 
 0,754975614919427 
 0,7546139285388 
 0,75425323187541 
 0,75389352123137 
 0,753534792923322 
 0,753177043290672 
 0,752820268681825 
 0,75246446547956 
 0,752109630062591 
 0,751755758849703 
 0,751402848262609 
 0,751050894716041 
 0,750699894725714 
 0,7503498447282 
 0,750000741230636 
 0,749652580755822 
 0,749305359848518 
 0,748959075063836 
 0,748613723004657 
 0,748269300372852 
 0,747925803952045 
 0,747583231022385 
 0,747241581354175 
 0,746901044048311 
 0,746560983414834 
 0,746222072057359 
 0,7458840608752 
 0,745546950729587 
 0,745210739117333 
 0,744875423036243 
 0,744540999332268 
 0,74420746481543 
 0,743874816326949 
 0,743543050636386 
 0,743212164566299 
 0,742882154963464 
 0,742553018640618 
 0,74222475247628 
 0,741897353343591 
 0,741570818082166 
 0,741245143632543 
 0,740920326876212 
 0,74059636476397 
 0,74027325420879 
 0,739950992175196 
 0,739629575621535 
 0,739309001537541 
 0,738989266907644 
 0,738670368758027 
 0,738352304106572 
 0,738035070016269 
 0,737718663471896 
 0,737403081651988 
 0,737088321647825 
 0,736774380675045 
 0,736461256176876 
 0,736148946755982 
 0,735837480953328 
 0,735526730304016 
 0,735216845446466 
 0,734907757791038 
 0,734599467963905 
 0,734291973732017 
 0,733985272473843 
 0,733679361504068 
 0,733374238057975 
 0,733069899407558 
 0,732766342816016 
 0,7324635655582 
 0,732161564909472 
 0,731860338182328 
 0,731559882676506 
 0,731260195700653 
 0,730961274578184 
 0,730663116656379 
 0,73036571929434 
 0,730069079841668 
 0,729773195682571 
 0,72947806420895 
 0,729183682791791 
 0,728890048870995 
 0,728597159877691 
 0,728305013195294 
 0,728013606358092 
 0,727722936751771 
 0,727433001857783 
 0,727143799274734 
 0,726855326434651 
 0,726567581012195 
 0,726280560804818 
 0,725994264593272 
 0,725708706251474 
 0,725423801675836 
 0,725139662696057 
 0,7248562298015 
 0,724573505618705 
 0,724291488589888 
 0,724010176524267 
 0,723729567066368 
 0,723449657924405 
 0,723170446644696 
 0,722891931083463 
 0,722614108711244 
 0,722336977249802 
 0,722060534384273 
 0,721784777766657 
 0,721509705107582 
 0,721235314092313 
 0,720961602474616 
 0,720688567933215 
 0,720416208197943 
 0,720144521037387 
 0,719873504184549 
 0,719603155375278 
 0,719333472452029 
 0,719064453147008 
 0,718796095284171 
 0,718528396637155 
 0,718261355111932 
 0,717994968542429 
 0,717729234827883 
 0,717464152008869 
 0,717199718293747 
 0,716935932525855 
 0,716672796319507 
 0,716410343258148 
 0,716148338972448 
 0,715887154981472 
 0,715626572847633 
 0,715366619093549 
 0,715107294926714 
 0,714848599255838 
 0,714590530338557 
 0,714333086308808 
 0,714076265190557 
 0,713820065015299 
 0,713564483740184 
 0,713309519395485 
 0,713055169976628 
 0,712801433469886 
 0,712548307893451 
 0,712295791251587 
 0,712043881584088 
 0,711792576906688 
 0,711541875259045 
 0,711291774682089 
 0,711042273260439 
 0,710793368990776 
 0,710545060005452 
 0,710297344362125 
 0,710050220164247 
 0,709803685493927 
 0,709557738516749 
 0,709312377340736 
 0,709067600162656 
 0,708823405230029 
 0,708579790925358 
 0,708336756113794 
 0,708094301342663 
 0,70785244328864 
 0,70761101328188 
 0,70737031932822 
 0,707130153030155 
 0,70689054904725 
 0,706651508843242 
 0,706413031554366 
 0,706175115589914 
 0,705937759387204 
 0,70570096124102 
 0,705464719385919 
 0,705229032128901 
 0,70499389767166 
 0,704759314312627 
 0,70452528029954 
 0,704291793922277 
 0,704058853421711 
 0,703826457097767 
 0,703594603237987 
 0,703363290124009 
 0,703132516063746 
 0,702902279355838 
 0,702672578329285 
 0,702443411264525 
 0,70221477654844 
 0,701986672456378 
 0,701759097377467 
 0,70153204967343 
 0,701305527668398 
 0,701079529793026 
 0,700854054473716 
 0,7006291001821 
 0,700404665650291 
 0,700180750302798 
 0,699957359461905 
 0,699734394985639 
 0,699512063516184 
 0,699290204230819 
 0,6990688512979 
 0,698848005364942 
 0,698627665410027 
 0,698407830047103 
 0,698188497817586 
 0,697969667179287 
 0,697751336640201 
 0,697533504672097 
 0,697316169738559 
 0,69709933035001 
 0,696882984963926 
 0,696667132040969 
 0,696451770175747 
 0,696236897662677 
 0,696022513204897 
 0,695808615223406 
 0,695595202251682 
 0,695382272815143 
 0,695169825441989 
 0,694957858642826 
 0,694746371006958 
 0,694535361047897 
 0,69432482735686 
 0,694114768480791 
 0,693905183051597 
 0,693696069682701 
 0,693487427081421 
 0,693279254088671 
 0,693071549872609 
 0,692864315005556 
 0,692657559031744 
 0,692450962653622 
 0,69224532853574 
 0,692039951749973 
 0,691835025476084 
 0,691630554647173 
 0,691426539237378 
 0,691222978374848 
 0,691019870876157 
 0,69081721556636 
 0,690615011102554 
 0,690413256140892 
 0,690211949418109 
 0,690011089525531 
 0,689810675226016 
 0,68961070515511 
 0,689411178006854 
 0,689212092457751 
 0,68901344720014 
 0,688815240930138 
 0,688617472333129 
 0,688420140126449 
 0,688223242940509 
 0,688026779673326 
 0,68783074888935 
 0,687635149323756 
 0,687439979712306 
 0,68724523880285 
 0,687050925309481 
 0,686857038006386 
 0,686663575596724 
 0,686470536862111 
 0,68627792052516 
 0,686085725365601 
 0,685893950139762 
 0,685702593611814 
 0,685511654568717 
 0,685321131768297 
 0,685131024010557 
 0,68494133005954 
 0,684752048717878 
 0,684563178811119 
 0,684374719057957 
 0,684186668319397 
 0,683999025407993 
 0,683811789146703 
 0,683624958324561 
 0,683438531748228 
 0,683252508281054 
 0,683066886729454 
 0,68288166594839 
 0,68269684474341 
 0,682512422026413 
 0,68232839660054 
 0,682144767287489 
 0,681961532996975 
 0,681778692565687 
 0,68159624488583 
 0,681414188815904 
 0,681232523234516 
 0,68105124702813 
 0,680870359112164 
 0,68068985838114 
 0,680509743773001 
 0,68033001426316 
 0,68015066888918 
 0,679971706924562 
 0,679793128223608 
 0,679614936255295 
 0,679437269804003 
 0,679259622000715 
 0,679082569859104 
 0,678905883708316 
 0,678729570386772 
 0,678553630225138 
 0,678378062620142 
 0,678202866697054 
 0,678028041423609 
 0,67785358595163 
 0,677679499089304 
 0,677505779962619 
 0,677332427452921 
 0,677159440539529 
 0,676986818218059 
 0,67681455947167 
 0,676642663249957 
 0,676471128554777 
 0,676299954403947 
 0,676129139670158 
 0,675958683423542 
 0,675788584700435 
 0,675618842437552 
 0,675449455663145 
 0,675280423344847 
 0,675111744537868 
 0,674943418233052 
 0,674775443439467 
 0,674607819198342 
 0,674440544531263 
 0,674273618461983 
 0,674107040062492 
 0,673940808445627 
 0,673774922852592 
 0,673609387550746 
 0,673444179211416 
 0,673279325886974 
 0,673114813237194 
 0,672950641248345 
 0,672786809137996 
 0,672623316000228 
 0,672460160943152 
 0,672297343007335 
 0,672134861309196 
 0,671972714854906 
 0,671810902762474 
 0,671649424180076 
 0,671488278091399 
 0,671327463594967 
 0,671166979835776 
 0,67100682585096 
 0,670847000766703 
 0,670687503671018 
 0,670528333684788 
 0,670369489898242 
 0,670210971423376 
 0,670052777376848 
 0,669894906890654 
 0,669737359056808 
 0,669580133022115 
 0,669423227943008 
 0,669266642923711 
 0,669110377162807 
 0,668954429851876 
 0,668798800221674 
 0,668643487644755 
 0,66848849199547 
 0,668333814902753 
 0,668179483669675 
 0,66802533805006 
 0,667871616284685 
 0,66771818879137 
 0,667565069039351 
 0,667412258039068 
 0,667259755505975 
 0,667107560806655 
 0,666955673217192 
 0,666804091961576 
 0,666652816253656 
 0,666501845272643 
 0,66635117821892 
 0,666200814305665 
 0,666050752686987 
 0,665900992606933 
 0,665751533220294 
 0,665602373695973 
 0,665453513352656 
 0,665304951271529 
 0,665156686688623 
 0,665008718836248 
 0,664861046865411 
 0,664713670019767 
 0,66456658751388 
 0,664419798523473 
 0,664273302257758 
 0,664127097915962 
 0,663981184661422 
 0,663835561650009 
 0,663690227949761 
 0,66354518239477 
 0,663400423389915 
 0,663255946789011 
 0,663111724018952 
 0,662967965543469 
 0,662824305729344 
 0,66268097063916 
 0,662537924628123 
 0,662395163317928 
 0,662252684968886 
 0,662110488456415 
 0,661968572901934 
 0,661826937452165 
 0,66168558133866 
 0,661544503791618 
 0,661403704039505 
 0,6612631813648 
 0,66112293503363 
 0,660982964308813 
 0,660843268467475 
 0,660703846773758 
 0,660564698543538 
 0,660425823035826 
 0,660287219535358 
 0,66014888735939 
 0,660010825764604 
 0,659873034079103 
 0,659735511573278 
 0,659598257560672 
 0,659461271302732 
 0,659324552185464 
 0,659188099428725 
 0,65905191235253 
 0,658915990235619 
 0,658780332277827 
 0,658644937666803 
 0,658509805074631 
 0,658374929329673 
 0,658240358864824 
 0,658105994829142 
 0,657971906715364 
 0,657838079718908 
 0,657704512203041 
 0,657571203203195 
 0,657438151952098 
 0,657305357719618 
 0,657172819882349 
 0,657040537723951 
 0,656908510495604 
 0,656776737845328 
 0,656645218814605 
 0,65651395286096 
 0,656382939330296 
 0,656252177576468 
 0,656121666959845 
 0,655991406840146 
 0,655861396577316 
 0,655731635544621 
 0,655602123096018 
 0,655472858604808 
 0,655343841450345 
 0,655215070978731 
 0,655086546576695 
 0,65495826760093 
 0,654830233447319 
 0,654702443480498 
 0,654574897005928 
 0,654447593382164 
 0,654320531935943 
 0,654193711754741 
 0,654067131396618 
 0,653940785284468 
 0,653814767669914 
 0,653688856579554 
 0,653563232536686 
 0,653437849665668 
 0,653312705203972 
 0,653187798098285 
 0,653063127517562 
 0,652938692835891 
 0,652814493392852 
 0,652690528631608 
 0,65256679790178 
 0,652443300629414 
 0,652320036215404 
 0,652197004106024 
 0,652074203683337 
 0,65195163438886 
 0,651829295671685 
 0,651707186885813 
 0,651585307525423 
 0,65146365701249 
 0,651342234753085 
 0,651221040203894 
 0,651100072789095 
 0,65097933194979 
 0,650858817145121 
 0,650738527783175 
 0,650618463366527 
 0,650498623268355 
 0,65037900699783 
 0,650259613990363 
 0,650140443724085 
 0,650021495712912 
 0,649902769490793 
 0,649784265371915 
 0,649665937798351 
 0,649547909840968 
 0,649430065363376 
 0,649312438986124 
 0,649195030750728 
 0,649077840297996 
 0,648960867062514 
 0,648844110587147 
 0,648727570339839 
 0,648611245749169 
 0,648495136357108 
 0,648379241614129 
 0,648263561001069 
 0,648148094021541 
 0,648032840093388 
 0,647917798771938 
 0,647802969491212 
 0,647688351769888 
 0,647573945077547 
 0,647459748911334 
 0,647345762743199 
 0,647231986110876 
 0,647118418455516 
 0,647005059293873 
 0,64689190813436 
 0,646778964461294 
 0,646666227784602 
 0,646553697595577 
 0,646441373401178 
 0,646329254726314 
 0,646217341024919 
 0,646105631918251 
 0,645994126826739 
 0,645882825417813 
 0,645771733872697 
 0,645660829800293 
 0,645550136112268 
 0,645439643842806 
 0,645329352628277 
 0,645219262026511 
 0,64510937156099 
 0,64499968076844 
 0,644890189162714 
 0,644780896279068 
 0,644671801637263 
 0,644562904778267 
 0,644454205225155 
 0,644345702494356 
 0,644237396166233 
 0,644129285731456 
 0,644021370721148 
 0,643913650700626 
 0,64380612521209 
 0,643698793791516 
 0,643591656065584 
 0,643484711273611 
 0,643377959294416 
 0,643271399584504 
 0,64316503162751 
 0,643058855056382 
 0,642952869402687 
 0,642847074252499 
 0,642741469192282 
 0,642636053855262 
 0,642530827907906 
 0,642425791238154 
 0,642320944223698 
 0,64221629019143 
 0,642111906818499 
 0,642007481092261 
 0,641903394617253 
 0,641799483234128 
 0,641695755108683 
 0,641592211253553 
 0,641488851683789 
 0,641385676140349 
 0,641282684298421 
 0,641179875747143 
 0,641077250184423 
 0,640974807078032 
 0,64087254608954 
 0,640770466840838 
 0,640668568745775 
 0,640566851563997 
 0,640465314817356 
 0,640363958104623 
 0,640262780995505 
 0,64016178308333 
 0,640060963975325 
 0,639960323222139 
 0,639859860456523 
 0,639759575251789 
 0,639659467217951 
 0,639559535946101 
 0,639459781057038 
 0,639360202161658 
 0,639260798919121 
 0,639161570955605 
 0,639062518043934 
 0,638963640065057 
 0,63886493746858 
 0,638766413139642 
 0,638668109665979 
 0,638569811802289 
 0,638471819914063 
 0,638373983240729 
 0,63827631507109 
 0,638178816926305 
 0,638081489036222 
 0,637984331207536 
 0,637887343173914 
 0,637790524605558 
 0,637693875162816 
 0,637597394454846 
 0,637501082104732 
 0,637404937831366 
 0,637308961149028 
 0,637213151737117 
 0,637117509211277 
 0,637022033174421 
 0,636926723289903 
 0,636831579192341 
 0,636736600406803 
 0,636641786674001 
 0,636547137565379 
 0,63645265273069 
 0,636358331807819 
 0,63626417438827 
 0,636170180150665 
 0,636076348686464 
 0,635982679659209 
 0,635889172675577 
 0,635795827408821 
 0,635702643385933 
 0,635609620304174 
 0,635516757627031 
 0,635424053701877 
 0,635331516508827 
 0,635239132460093 
 0,635146908679868 
 0,635054843915235 
 0,634962937669939 
 0,634871189581746 
 0,634779599271272 
 0,634688166371944 
 0,634596890597382 
 0,63450577142081 
 0,634414808691101 
 0,634324001958993 
 0,634233350902252 
 0,634142855176241 
 0,634052514417364 
 0,633962327950987 
 0,633872296486777 
 0,633782418625004 
 0,633692694364036 
 0,63360312338293 
 0,633513705343152 
 0,633424439908721 
 0,633335326742134 
 0,633246365512458 
 0,633157555898089 
 0,633068897566883 
 0,632980390220759 
 0,63289203352698 
 0,632803827238961 
 0,632715771099291 
 0,632627864960122 
 0,632540108990508 
 0,632452504934587 
 0,632365064447388 
 0,632277670602791 
 0,6321905412811 
 0,632103530445374 
 0,632016663487228 
 0,631929942464428 
 0,631843367542026 
 0,631756938744873 
 0,631670655825495 
 0,631584518537448 
 0,631498526494754 
 0,631412679530344 
 0,631326977291658 
 0,631241419452954 
 0,631156005710413 
 0,631070735782393 
 0,630985609332865 
 0,630900626082518 
 0,63081578568884 
 0,630731087877661 
 0,630646532320134 
 0,63056211871961 
 0,630477846783064 
 0,63039371619674 
 0,630309726659613 
 0,630225877895425 
 0,630142169582864 
 0,630058601484958 
 0,629975173298399 
 0,629891884800012 
 0,629808735740649 
 0,629725726089054 
 0,629642856068989 
 0,629560127100647 
 0,629477550142151 
 0,629394967546301 
 0,629312718522757 
 0,629230543216909 
 0,629148499550954 
 0,629066590883207 
 0,628984817801778 
 0,628903180340657 
 0,628821678345086 
 0,628740311603844 
 0,62865907986928 
 0,628577982865493 
 0,628497020343624 
 0,62841619201669 
 0,62833549761835 
 0,628254936833652 
 0,62817450940755 
 0,628094215056849 
 0,628014053547082 
 0,627934024480753 
 0,627854127688494 
 0,62777436284473 
 0,627694729685338 
 0,627615227913555 
 0,627535857272495 
 0,627456617457588 
 0,627377508219263 
 0,627298529259852 
 0,62721968031284 
 0,627140961081348 
 0,627062371308203 
 0,626983910666335 
 0,626905578862551 
 0,626827375427724 
 0,626749299155448 
 0,626671377532045 
 0,626593539784239 
 0,626515847874102 
 0,626438283779722 
 0,626360846938771 
 0,626283536968156 
 0,62620635353656 
 0,626129296379023 
 0,626052365247539 
 0,625975559820408 
 0,625898879849419 
 0,62582232509069 
 0,625745895272741 
 0,625669590125514 
 0,62559340938456 
 0,625517352798598 
 0,625441420129862 
 0,625365611078464 
 0,62528992540834 
 0,625214362851469 
 0,625138923198562 
 0,62506360614015 
 0,624988411451292 
 0,62491333884879 
 0,624838388096279 
 0,624763558949319 
 0,624688851154885 
 0,624614264450686 
 0,624539798678178 
 0,624465453325494 
 0,624391228418141 
 0,624317123600552 
 0,624243138650122 
 0,624169273270273 
 0,624095459001333 
 0,624021900379887 
 0,623948392352273 
 0,623875002936037 
 0,623801731916242 
 0,623728579036704 
 0,623655544032831 
 0,6235826266931 
 0,62350982676563 
 0,623437143987976 
 0,623364578150967 
 0,623292129007396 
 0,623219796318556 
 0,623147579826115 
 0,623075479358006 
 0,623003494586822 
 0,62293162533075 
 0,622859871356552 
 0,622788232382286 
 0,622716708263682 
 0,622645298681733 
 0,622574003456677 
 0,622502822333073 
 0,622431755084828 
 0,62236080146808 
 0,622289961321251 
 0,622219234366362 
 0,622148620390987 
 0,622078119216756 
 0,622007730623923 
 0,621937454452186 
 0,621867290722978 
 0,621797239653036 
 0,621727303350404 
 0,621657553201949 
 0,621587730048114 
 0,621518129600867 
 0,621448634628116 
 0,621379248955717 
 0,621309972800148 
 0,621240806986774 
 0,621171750580798 
 0,621102803654899 
 0,621033966019625 
 0,620965237521207 
 0,620896617895591 
 0,62082810694616 
 0,620759704475481 
 0,620691410215032 
 0,620623224005573 
 0,620555145621246 
 0,620487174844205 
 0,620419311435702 
 0,620351555227388 
 0,62028390595508 
 0,620216363459931 
 0,620148927476857 
 0,620081597812602 
 0,620014374239527 
 0,619947256547017 
 0,619880244545213 
 0,61981333791196 
 0,619746536533394 
 0,619679840053865 
 0,619613248273669 
 0,619546760714123 
 0,619480376641467 
 0,61941409358512 
 0,619347874789549 
 0,619281882674385 
 0,619215904392805 
 0,619150038330321 
 0,619084277188561 
 0,619018619684978 
 0,618953065307372 
 0,618887613687903 
 0,618822264587155 
 0,618757017746199 
 0,618691872978892 
 0,618626830033221 
 0,618561888741122 
 0,618497048860008 
 0,618432310203126 
 0,618367672582095 
 0,61830313576329 
 0,618238699592498 
 0,618174363864068 
 0,618110128193102 
 0,618045992821348 
 0,617981957274093 
 0,617918021318904 
 0,617854184864402 
 0,617790447698622 
 0,617726809652468 
 0,617663270558345 
 0,617599830260846 
 0,617536488643088 
 0,617473245621339 
 0,617410101218138 
 0,617347055700014 
 0,617284110153058 
 0,617221269202566 
 0,617158585726336 
 0,617095758743503 
 0,617033239288588 
 0,616970784196306 
 0,616908420261118 
 0,616846150859489 
 0,61678397677706 
 0,616721898242279 
 0,616659915249154 
 0,616598027708306 
 0,616536235506937 
 0,616474538477523 
 0,616412936486049 
 0,61635142934421 
 0,616290016890955 
 0,616228698969496 
 0,616167475365883 
 0,616106345943065 
 0,61604531045417 
 0,61598436884114 
 0,615923520830464 
 0,615862766275869 
 0,615802104997562 
 0,615741536809382 
 0,615681061554237 
 0,615620679057228 
 0,615560389121394 
 0,615500191592657 
 0,615440086297223 
 0,615380073072235 
 0,615320151755804 
 0,615260322213112 
 0,615200584377828 
 0,615140938442774 
 0,615081387362783 
 0,615021907263578 
 0,614962538883521 
 0,614903256651731 
 0,614844064292545 
 0,614784962038337 
 0,614725949837338 
 0,61466702754964 
 0,614608195028446 
 0,614549452119361 
 0,614490798653963 
 0,614432234482779 
 0,614373759414769 
 0,614315373297593 
 0,614257075964734 
 0,614198867271541 
 0,614140747019113 
 0,614082715075063 
 0,614024771211403 
 0,613966915371698 
 0,613909147302785 
 0,613851466905212 
 0,613793873981654 
 0,613736368415386 
 0,613678950024473 
 0,613621618672777 
 0,613564374241969 
 0,613507216606929 
 0,613450145671201 
 0,613393161390562 
 0,613336263832637 
 0,61327945334721 
 0,613222730912502 
 0,613166100405451 
 0,613109589901457 
 0,613052888983409 
 0,612996617929618 
 0,612940333434974 
 0,612884123960625 
 0,612827996159025 
 0,612771951616093 
 0,612715990779103 
 0,612660113744581 
 0,612604320554535 
 0,612548611106046 
 0,612492985299883 
 0,612437443044956 
 0,612381984174896 
 0,61232660856405 
 0,612271316102517 
 0,612216106543811 
 0,612160979853203 
 0,612105935806619 
 0,612050974306098 
 0,611996095181397 
 0,611941298315025 
 0,61188658348166 
 0,611831950607232 
 0,611777399495995 
 0,611722930035608 
 0,611668542099152 
 0,611614235456328 
 0,611560010056985 
 0,611505865697574 
 0,611451802291144 
 0,611397819714306 
 0,611343917941572 
 0,611290097166272 
 0,611236359323752 
 0,611182664898235 
 0,61112910553521 
 0,611075606025373 
 0,61102218497404 
 0,610968843114924 
 0,610915580535358 
 0,610862397160895 
 0,610809292868509 
 0,610756267532803 
 0,610703321024659 
 0,610650453199977 
 0,610597663941083 
 0,610544953068167 
 0,610492320481308 
 0,610439766002397 
 0,610387289516662 
 0,610334890882798 
 0,610282569954212 
 0,610230326575338 
 0,610178160653908 
 0,610126071960012 
 0,610074060456119 
 0,610022125943697 
 0,609970268304753 
 0,609918487362425 
 0,609866783034974 
 0,609815155143824 
 0,609763603547742 
 0,609712128125402 
 0,609660728708295 
 0,609609405121819 
 0,609558157212822 
 0,609506984641577 
 0,609455886360691 
 0,609404916902378 
 0,609353925748855 
 0,609303053493419 
 0,609252257086577 
 0,609201535807408 
 0,609150889298972 
 0,609100317397926 
 0,609049819946389 
 0,608999396813844 
 0,608949047839948 
 0,608898772908342 
 0,608848571843765 
 0,60879844459768 
 0,608748390960085 
 0,608698410825411 
 0,608648504069857 
 0,608598670555827 
 0,608548910137547 
 0,608499222703496 
 0,608449608125991 
 0,608400066548258 
 0,608350596999966 
 0,608301200153145 
 0,608251875729029 
 0,608202623454745 
 0,608153443286736 
 0,608104335058391 
 0,608055298649755 
 0,608006333933092 
 0,607957440832064 
 0,60790861915635 
 0,607859868829883 
 0,607811189758146 
 0,607762581989033 
 0,607714055983276 
 0,607665576839176 
 0,60761718161314 
 0,607568856633949 
 0,607520601990797 
 0,60747241774173 
 0,607424303605316 
 0,607376259560254 
 0,607328285459579 
 0,607280381164819 
 0,607232546592129 
 0,607184781594474 
 0,607137086046102 
 0,607089459855484 
 0,607041902881476 
 0,606994415008172 
 0,606946996100556 
 0,606899646069916 
 0,606852364784244 
 0,606805152038528 
 0,606758007830072 
 0,606710932026608 
 0,606663924438379 
 0,60661698501944 
 0,606570113561859 
 0,606523310017856 
 0,606476574234262 
 0,606429906095105 
 0,606383305438078 
 0,606336772148505 
 0,606290306010268 
 0,606243906796306 
 0,606197573974451 
 0,606151305714758 
 0,606105065481403 
 0,606058998706009 
 0,606012927426382 
 0,605966927781379 
 0,605920995519995 
 0,605875129973406 
 0,605829330807571 
 0,6057835977872 
 0,605737930802269 
 0,605692329638982 
 0,605646794208843 
 0,605601324477033 
 0,605555920197979 
 0,605510581338575 
 0,605465307727426 
 0,605420099281056 
 0,605374955909771 
 0,605329877414011 
 0,605284863761643 
 0,605239914815405 
 0,605195030469132 
 0,605150210974804 
 0,605105455101299 
 0,605060763858741 
 0,605016136746851 
 0,60497157368094 
 0,604927074507228 
 0,604882639146361 
 0,604838267389967 
 0,604793959128724 
 0,604749714185265 
 0,604705532251695 
 0,604661412731894 
 0,60461735350546 
 0,604573328492465 
 0,604529467488646 
 0,60448558850607 
 0,604441782415581 
 0,604398040813915 
 0,604354362368964 
 0,604310746681278 
 0,604267193538207 
 0,604223702711577 
 0,604180274072344 
 0,604136907504585 
 0,604093602882116 
 0,60405036008226 
 0,604007179021301 
 0,603964059580532 
 0,603921001630404 
 0,603878005104628 
 0,603835069861042 
 0,603792195802979 
 0,603749382827538 
 0,603706630861737 
 0,603663939814087 
 0,603621309389296 
 0,6035787397188 
 0,603536230558281 
 0,603493781884201 
 0,603451393490924 
 0,603409065422537 
 0,603366797201532 
 0,603324588981422 
 0,603282440415068 
 0,603240351142386 
 0,603198320347404 
 0,60315634526 
 0,603114400311726 
 0,603072651060297 
 0,603030830901883 
 0,60298909403219 
 0,602947419960256 
 0,602905806199679 
 0,602864252001426 
 0,602822756979472 
 0,602781320925617 
 0,602739943958926 
 0,60269862518204 
 0,602657365197704 
 0,602616163672954 
 0,602575020492676 
 0,602533935530694 
 0,602492908729576 
 0,602451939961811 
 0,602411029099594 
 0,602370176140727 
 0,602329380898786 
 0,602288643310766 
 0,602247963253701 
 0,602207340673449 
 0,602166775432472 
 0,602126267468709 
 0,60208581667747 
 0,602045422951017 
 0,602005086203399 
 0,601964806338269 
 0,60192458324905 
 0,601884416824892 
 0,601844306945835 
 0,60180425343459 
 0,601764255937473 
 0,601724312196174 
 0,601684441340635 
 0,601644607653675 
 0,601604834755509 
 0,601565118394595 
 0,601525458083306 
 0,601485853641369 
 0,601446304936008 
 0,601406811859232 
 0,601367374317506 
 0,601327992217099 
 0,601288665465786 
 0,601249393949905 
 0,601210177591423 
 0,601171016305751 
 0,601131909993256 
 0,601092858602681 
 0,601053861985822 
 0,601014920099814 
 0,600976032813478 
 0,600937200056485 
 0,600898421741197 
 0,600859697779636 
 0,600821028077866 
 0,600782412545899 
 0,600743851095064 
 0,600705343637215 
 0,600666890031668 
 0,600628490219384 
 0,600590144051328 
 0,600551851393466 
 0,600513612009692 
 0,600475425521427 
 0,600437290731507 
 0,600399200649557 
 0,600361252239025 
 0,600323235960475 
 0,600285311916723 
 0,600247444038384 
 0,600209630029723 
 0,600171869236422 
 0,60013416139175 
 0,600096506309331 
 0,600058903880807 
 0,600021353982229 
 0,599983856529402 
 0,599946411398641 
 0,599909018554469 
 0,599871677854328 
 0,599834389241547 
 0,599797152614367 
 0,599759967922048 
 0,599722835031698 
 0,599685753901878 
 0,599648724426514 
 0,599611746553472 
 0,599574820176839 
 0,599537945232567 
 0,599501121616358 
 0,599464349250965 
 0,599427628175348 
 0,599390958130827 
 0,599354339161265 
 0,599317771220267 
 0,599281254246626 
 0,599244788333452 
 0,599208373464753 
 0,599172010558467 
 0,599135703547029 
 0,599099328809015 
 0,599063199187208 
 0,599027040739669 
 0,598990929141528 
 0,598954866742263 
 0,59891885402159 
 0,598882890975051 
 0,59884697792268 
 0,598811114518028 
 0,598775300818996 
 0,59873953671607 
 0,59870382218606 
 0,598668157168831 
 0,598632541560187 
 0,598596975295515 
 0,598561458287715 
 0,598525990517675 
 0,598490571809137 
 0,598455202178923 
 0,598419881522436 
 0,598384609747958 
 0,598349386799534 
 0,598314212586308 
 0,598279087055842 
 0,598244010093037 
 0,598208981690546 
 0,598174001653419 
 0,598139070079967 
 0,598104186764825 
 0,598069351686526 
 0,598034564748201 
 0,597999825872277 
 0,597965134989534 
 0,597930492037577 
 0,597895896932869 
 0,597861349617623 
 0,597826849997297 
 0,597792397999846 
 0,5977579936047 
 0,597723636639869 
 0,59768932710032 
 0,597655064922767 
 0,597620849985745 
 0,597586682245476 
 0,59755256167515 
 0,597518488016216 
 0,597484461539151 
 0,597450481880267 
 0,597416549054799 
 0,597382662966988 
 0,597348823617643 
 0,59731503096332 
 0,597281284674838 
 0,597247584960435 
 0,597213931659046 
 0,597180324705044 
 0,597146764000564 
 0,597113249502798 
 0,597079781162624 
 0,597046358851917 
 0,597012982531024 
 0,596979652161806 
 0,596946367633947 
 0,59691312889712 
 0,596879935889023 
 0,596846788570441 
 0,596813686905923 
 0,59678063104736 
 0,596747627897595 
 0,596714652231113 
 0,596681732719074 
 0,596648857938178 
 0,596616028209399 
 0,596583243532086 
 0,59655050386052 
 0,596517809134401 
 0,596485159305276 
 0,59645255429538 
 0,596419994038887 
 0,596387478476416 
 0,596355007537468 
 0,596322581154208 
 0,596290199270284 
 0,596257861812152 
 0,596225568713323 
 0,59619331992772 
 0,596161115337745 
 0,596128954950624 
 0,59609683864362 
 0,596064766411893 
 0,596032738116094 
 0,596000753758824 
 0,595968813267561 
 0,595936916623798 
 0,595905063631068 
 0,595873254399658 
 0,59584148882384 
 0,595809766961203 
 0,595778088808902 
 0,59574645458245 
 0,595714864940016 
 0,595683322832836 
 0,595651876323014 
 0,595620310861711 
 0,595588906964452 
 0,595557534464656 
 0,59552620262898 
 0,595494912819857 
 0,595463665437592 
 0,595432460571964 
 0,595401298241791 
 0,595370178446285 
 0,595339101142789 
 0,595308066311377 
 0,595277073869761 
 0,595246123788497 
 0,595215215954995 
 0,595184350380311 
 0,595153526963282 
 0,595122745675064 
 0,59509200645626 
 0,595061309209878 
 0,595030653918882 
 0,595000040496782 
 0,594969468890414 
 0,594938939108671 
 0,59490845100523 
 0,594878004597242 
 0,594847599792944 
 0,594817236584237 
 0,594786914902661 
 0,594756634862473 
 0,594726396406151 
 0,59469619982388 
 0,594666045815453 
 0,594635937041808 
 0,59460590484506 
 0,594575771903081 
 0,594545803951052 
 0,594515857976891 
 0,594485949424446 
 0,594456080667966 
 0,594426252135631 
 0,594396464007791 
 0,594366716304717 
 0,594337009023573 
 0,594307342229314 
 0,594277715793856 
 0,594248129701935 
 0,5942185838943 
 0,594189078306637 
 0,594159612955409 
 0,594130187720428 
 0,594100802588172 
 0,594071457449261 
 0,594042152297196 
 0,594012887084335 
 0,593983661698971 
 0,593954476136379 
 0,593925330315915 
 0,593896224238829 
 0,593867157742945 
 0,593838130909057 
 0,593809143599418 
 0,593780195827617 
 0,593751287611582 
 0,593722418744049 
 0,593693589478504 
 0,593664800017504 
 0,593636051348922 
 0,593607352677329 
 0,593578634379091 
 0,593550016379824 
 0,59352142413308 
 0,593492868978661 
 0,593464352096718 
 0,593435873747878 
 0,593407434007732 
 0,59337903289443 
 0,593350670307191 
 0,593322346276052 
 0,593294060781099 
 0,593265813660331 
 0,593237604990522 
 0,593209434638465 
 0,593181302574766 
 0,593153208762229 
 0,593125153150236 
 0,593097135671591 
 0,593069156256605 
 0,593041214837755 
 0,593013311411032 
 0,592985445924131 
 0,59295761824879 
 0,592929828389043 
 0,59290207622688 
 0,592874361743941 
 0,592846684829365 
 0,592819045492324 
 0,592791443348445 
 0,59276387850202 
 0,592736350513461 
 0,592708858713455 
 0,592681400718171 
 0,592653961117338 
 0,592626711130207 
 0,592599307822871 
 0,592571996094941 
 0,592544726886596 
 0,592517496413241 
 0,592490303654276 
 0,592463148270895 
 0,592436030003396 
 0,59240894860513 
 0,59238190425402 
 0,592354896675638 
 0,59232792581692 
 0,592300991665756 
 0,592274094129236 
 0,592247233143965 
 0,592220408684694 
 0,592193620696832 
 0,592166869115692 
 0,592140153849928 
 0,592113475014899 
 0,592086832346185 
 0,592060225886267 
 0,592033655678609 
 0,592007121633392 
 0,591980623566951 
 0,59195416166986 
 0,591927735829914 
 0,59190134601433 
 0,591874992330107 
 0,591848674852878 
 0,591822393879305 
 0,591796150158966 
 0,591769946269718 
 0,591743797736629 
 0,591717407652353 
 0,59169146874455 
 0,591665414121422 
 0,591639385480243 
 0,591613389473717 
 0,591587427651304 
 0,591561500497492 
 0,591535608200624 
 0,591509750850511 
 0,591483928462938 
 0,591458141052949 
 0,591432388568174 
 0,591406671012925 
 0,591380988331598 
 0,591355340504328 
 0,591329727460469 
 0,591304149204182 
 0,591278605644747 
 0,591253096758753 
 0,591227622486581 
 0,591202182847321 
 0,591176777700627 
 0,59115140704821 
 0,591126070861068 
 0,59110076902242 
 0,591075501545833 
 0,591050268363911 
 0,591025069408332 
 0,590999904632909 
 0,590974773938726 
 0,590949677258732 
 0,590924614251158 
 0,590899584541041 
 0,590874585356928 
 0,590849772474846 
 0,590824717343621 
 0,590799820808383 
 0,590774960780415 
 0,590750135239878 
 0,59072534375382 
 0,590700586056925 
 0,590675862103624 
 0,590651171769938 
 0,590626515071905 
 0,590601891892951 
 0,590577302118968 
 0,59055274583048 
 0,590528222966436 
 0,59050373339848 
 0,590479277150417 
 0,590454854128135 
 0,590430464299676 
 0,590406107628736 
 0,59038178403892 
 0,590357493593207 
 0,590333236132842 
 0,590309011652151 
 0,59028482009512 
 0,590260661480708 
 0,59023653571326 
 0,59021244262506 
 0,590188382429301 
 0,590164354871782 
 0,590140359999403 
 0,590116397704248 
 0,590092467954298 
 0,590068570570491 
 0,590044705012683 
 0,590020840153202 
 0,589997078033566 
 0,589973309507265 
 0,589949574197634 
 0,589925871444017 
 0,589902200938801 
 0,589878562742299 
 0,589854956664512 
 0,589831382863896 
 0,589807841106927 
 0,589784331381049 
 0,589760853675609 
 0,589737407941866 
 0,589713994175446 
 0,589690612234822 
 0,589667262163574 
 0,589643943903307 
 0,589620657374876 
 0,589597402593841 
 0,589574179491856 
 0,589550988016917 
 0,58952782815497 
 0,58950469987477 
 0,58948160310844 
 0,589458537817946 
 0,589435504004018 
 0,58941250158862 
 0,589389530673615 
 0,58936659091394 
 0,589343682622914 
 0,589320805741006 
 0,589297960324142 
 0,589275146822332 
 0,589252366943811 
 0,589229658621395 
 0,589206869958051 
 0,589184186574723 
 0,589161528800834 
 0,589138900860711 
 0,589116303351987 
 0,589093736473313 
 0,589071200276952 
 0,589048694758627 
 0,589026219927875 
 0,589003775729612 
 0,588981362047475 
 0,588958979235273 
 0,588936626758674 
 0,588914304829441 
 0,588892013366822 
 0,588869752363924 
 0,588847521738656 
 0,588825321478242 
 0,588803151544436 
 0,588781011903997 
 0,588758902474278 
 0,588736823279269 
 0,588714774235872 
 0,58869275526024 
 0,588670766413103 
 0,588648807567123 
 0,588626878702116 
 0,58860497971466 
 0,58858311052996 
 0,588561271051312 
 0,588539460996254 
 0,588517679710005 
 0,588495924797899 
 0,588474165537471 
 0,58845255555088 
 0,588430879552489 
 0,588409245243186 
 0,58838764271459 
 0,588366070548244 
 0,588344528259884 
 0,588323015703986 
 0,588301532701584 
 0,588280079223585 
 0,588258655314087 
 0,588237260719182 
 0,588215895496044 
 0,588194559568529 
 0,588173252923105 
 0,588151975528441 
 0,588130727324672 
 0,588109508138221 
 0,588088318320987 
 0,588067157464111 
 0,58804602564913 
 0,588024922852466 
 0,588003849016386 
 0,587982804139961 
 0,587961788129451 
 0,587940801003686 
 0,587919842700363 
 0,587898913316523 
 0,58787801241762 
 0,587857140363101 
 0,587836296993496 
 0,587815482221821 
 0,587794695988181 
 0,587773937997712 
 0,587753206936681 
 0,587732512779926 
 0,587711839013737 
 0,587691195136668 
 0,58767057989094 
 0,587649993145552 
 0,587629434755449 
 0,587608904698253 
 0,587588402922217 
 0,587567929423951 
 0,587547484134312 
 0,58752706700682 
 0,587506678058421 
 0,587486317261846 
 0,58746598445337 
 0,587445679668497 
 0,587425402979188 
 0,587405154281547 
 0,587384933510797 
 0,587364740589076 
 0,587344575773796 
 0,587324438722302 
 0,58730432954718 
 0,587284248177158 
 0,587264194673254 
 0,587244168990925 
 0,58722417112536 
 0,587204201131052 
 0,587184259075037 
 0,587164345127816 
 0,587144459533353 
 0,587124603058059 
 0,587104777526695 
 0,587084989186777 
 0,587065287301339 
 0,587045228955658 
 0,587025636661621 
 0,587005962012495 
 0,586986301701562 
 0,586966664521125 
 0,586947052739814 
 0,586927467161374 
 0,586907908163837 
 0,586888375883824 
 0,586868870432719 
 0,58684939186535 
 0,586829940177297 
 0,586810515390038 
 0,586791117431827 
 0,586771746408245 
 0,586752402173887 
 0,58673308476854 
 0,586713794204137 
 0,586694530371733 
 0,5866752932864 
 0,586656082912758 
 0,586636899247544 
 0,586617742284034 
 0,586598611917161 
 0,586579508182215 
 0,586560431087859 
 0,586541380517381 
 0,586522356557734 
 0,586503359215005 
 0,586484388458127 
 0,586465444492774 
 0,58644652760585 
 0,586427638990832 
 0,586408786567333 
 0,586389859522023 
 0,586371096820652 
 0,586352315640037 
 0,586333557097029 
 0,586314823602739 
 0,586296115776652 
 0,586277433860082 
 0,586258777846559 
 0,586240147798356 
 0,586221543737993 
 0,5862029656187 
 0,586184413409559 
 0,586165887116286 
 0,586147386716954 
 0,586128912194771 
 0,586110463469596 
 0,586092040562272 
 0,58607364342615 
 0,586055272052731 
 0,586036926397868 
 0,586018606416381 
 0,586000312076179 
 0,58598204344687 
 0,585963800371062 
 0,585945582844981 
 0,585927390894575 
 0,58590922441311 
 0,585891083418321 
 0,585872967794284 
 0,585854877561209 
 0,585836812614308 
 0,58581877276552 
 0,585800757666034 
 0,58578276444618 
 0,585764865457689 
 0,585746878380353 
 0,585728962510215 
 0,585711073972504 
 0,585693211063893 
 0,585675373511165 
 0,585657561235831 
 0,585639774123638 
 0,585622012090319 
 0,585604275269128 
 0,585586563240133 
 0,585568876310404 
 0,585551214345856 
 0,58553357733038 
 0,585515965218507 
 0,585498377952038 
 0,585480815555393 
 0,585463278015899 
 0,585445765256419 
 0,585428277229604 
 0,585410813937596 
 0,585393375391771 
 0,585375961513088 
 0,585358572306524 
 0,585341207663863 
 0,585323867656698 
 0,585306552214893 
 0,585289261301413 
 0,585271994940985 
 0,585254753054711 
 0,585237535686163 
 0,585220342911751 
 0,585203174097334 
 0,585186029863536 
 0,585168696936782 
 0,585151814468448 
 0,585134743243063 
 0,585117696329923 
 0,585100673671093 
 0,585083675184194 
 0,585066700904352 
 0,585049750820379 
 0,585032824855113 
 0,585015922965936 
 0,584999045242796 
 0,584982191566767 
 0,584965361802041 
 0,584948556293117 
 0,58493177463195 
 0,584915016925944 
 0,584898283223204 
 0,584881573352155 
 0,584864887393812 
 0,584848225302332 
 0,58483158702655 
 0,584814972593142 
 0,58479838193755 
 0,58478181501956 
 0,584765271878371 
 0,584748752444458 
 0,584732256723001 
 0,584715784704555 
 0,584699336287956 
 0,584682911727258 
 0,584666510823997 
 0,58465013381972 
 0,584633781204863 
 0,584617455046587 
 0,584601223156187 
 0,584584840509995 
 0,584568587048546 
 0,584552352085388 
 0,584536139350995 
 0,584519949596109 
 0,584503782989221 
 0,58448763946173 
 0,584471519195209 
 0,584455422144053 
 0,58443934826941 
 0,584423297595002 
 0,584407270068166 
 0,58439126568692 
 0,584375284438027 
 0,584359326283013 
 0,584343391234775 
 0,584327479206309 
 0,584311590238422 
 0,584295724299145 
 0,584279881343262 
 0,584264061370044 
 0,584248264409455 
 0,584232490328484 
 0,584216739234511 
 0,5842010110449 
 0,584185305841511 
 0,584169623586062 
 0,584153964395989 
 0,584138328284441 
 0,584122715590969 
 0,584107126822289 
 0,584091563595398 
 0,584076032575487 
 0,584060641443433 
 0,584044910596738 
 0,584029467124554 
 0,584014020378909 
 0,583998591126926 
 0,583983182535188 
 0,583967795532953 
 0,583952430572728 
 0,58393708773546 
 0,583921767173072 
 0,583906468786324 
 0,583891192728381 
 0,583875938987033 
 0,583860707501618 
 0,583845498273316 
 0,583830311389302 
 0,58381514658465 
 0,583800004066497 
 0,583784883724527 
 0,583769785578667 
 0,58375470957762 
 0,583739655656441 
 0,583724623854085 
 0,583709614101211 
 0,583694626393021 
 0,583679660612595 
 0,583664716785573 
 0,58364979483112 
 0,583634894615187 
 0,583620016003625 
 0,583605158758518 
 0,583590322228997 
 0,583575504941766 
 0,583560701194479 
 0,583545848257764 
 0,583531301409498 
 0,583516527673593 
 0,583501814049135 
 0,583487128489897 
 0,583472466981593 
 0,583457828421693 
 0,583443211744563 
 0,583428617272772 
 0,583414044731285 
 0,583399493982413 
 0,583384964970764 
 0,583370457655167 
 0,58335597198553 
 0,583341507934809 
 0,583327065450572 
 0,583312644512275 
 0,5832982451144 
 0,583283867234263 
 0,583269510838453 
 0,583255175876541 
 0,58324086235666 
 0,583226570243736 
 0,583212299516132 
 0,583198050151844 
 0,583183822113453 
 0,58316961550736 
 0,583155430136404 
 0,583141265994375 
 0,583127123231184 
 0,583113001738988 
 0,583098901558167 
 0,583084822802546 
 0,583070765941334 
 0,583056734888405 
 0,583042699551441 
 0,583028711883155 
 0,583014739556545 
 0,583000787568528 
 0,582986856314699 
 0,58297294595375 
 0,582959056558543 
 0,582945187970407 
 0,582931340585032 
 0,58291751399059 
 0,582903708285791 
 0,582889923504823 
 0,582876159572998 
 0,582862416507976 
 0,582848694244495 
 0,582834992820072 
 0,582821312184209 
 0,582807652299921 
 0,582794013169765 
 0,582780394719528 
 0,582766797099087 
 0,582753220085348 
 0,582739663721592 
 0,582726127995811 
 0,58271261288095 
 0,58269911832793 
 0,582685644319769 
 0,582672190799385 
 0,582658757673855 
 0,582645344828941 
 0,582631952060341 
 0,582618578799621 
 0,582605223298863 
 0,582591873055931 
 0,582578664399869 
 0,58256532487952 
 0,58255204895594 
 0,582538797738737 
 0,582525568193204 
 0,582512359622731 
 0,582499171680225 
 0,582486004207701 
 0,582472857193484 
 0,582459730496397 
 0,582446624144612 
 0,582433538070547 
 0,582420472229051 
 0,58240742660159 
 0,582394401231964 
 0,582381396017467 
 0,582368410964569 
 0,582355446097322 
 0,582342501289728 
 0,582329576613156 
 0,582316672056314 
 0,582303787558464 
 0,582290923122962 
 0,582278078761531 
 0,582265254435081 
 0,582252450175043 
 0,582239665970878 
 0,582226901854135 
 0,582214157866769 
 0,582201434179489 
 0,582188731020968 
 0,582176049081899 
 0,582163390564826 
 0,582150769195979 
 0,582137926839928 
 0,582125465320252 
 0,582112892294825 
 0,582100330862292 
 0,582087786781706 
 0,582075261435452 
 0,582062755276042 
 0,582050268516738 
 0,582037801233834 
 0,582025353455943 
 0,582012925230555 
 0,582000516500266 
 0,581988127416103 
 0,581975757826216 
 0,581963407748617 
 0,581951077303387 
 0,581938766155934 
 0,581926474609086 
 0,581914202525071 
 0,581901949900977 
 0,581889716725724 
 0,581877502929325 
 0,581865308629 
 0,581853133667062 
 0,581840978096334 
 0,58182884186431 
 0,581816724988978 
 0,581804627402862 
 0,581792549132657 
 0,581780490063902 
 0,581768450276888 
 0,581756429618875 
 0,581744427758168 
 0,581732443601273 
 0,581720547035683 
 0,581708545750105 
 0,581696619586465 
 0,581684713822082 
 0,581672827526852 
 0,581660960461683 
 0,581649112658433 
 0,581637283884619 
 0,581625474263154 
 0,581613683730179 
 0,581601912192265 
 0,58159015975271 
 0,581578426307975 
 0,581566711873369 
 0,581555016429983 
 0,581543339981575 
 0,581531682390098 
 0,581520043785467 
 0,581508424094621 
 0,581496823298887 
 0,58148524135505 
 0,581473678343659 
 0,581462134118575 
 0,581450608721813 
 0,581439102162151 
 0,581427614377705 
 0,581416145336458 
 0,581404695092365 
 0,581393263541311 
 0,581381850672037 
 0,581370456440106 
 0,581359080718328 
 0,581347723238761 
 0,581336382629836 
 0,58132497934353 
 0,581313775105274 
 0,581302489567932 
 0,581291225165491 
 0,581279979909953 
 0,581268753516501 
 0,581257545631573 
 0,58124635641682 
 0,581235185775239 
 0,581224033674299 
 0,581212900093794 
 0,581201785008857 
 0,581190688406032 
 0,581179610246318 
 0,581168550572276 
 0,581157508828728 
 0,581146486360889 
 0,581135481915992 
 0,581124495831371 
 0,581113528065913 
 0,581102578655082 
 0,581091647565637 
 0,581080734790609 
 0,581069840297961 
 0,581058964073542 
 0,581048106072462 
 0,581037266294831 
 0,581026444700269 
 0,581015641236565 
 0,581004855857222 
 0,580994088428845 
 0,580983338676784 
 0,580972605982274 
 0,580961887602801 
 0,580951123475894 
 0,580940552501165 
 0,580929883034207 
 0,580919240015454 
 0,580908616805447 
 0,580898012348407 
 0,58088742634547 
 0,580876858341078 
 0,580866308574224 
 0,580855776859763 
 0,580845263211832 
 0,580834767610047 
 0,580824289951832 
 0,580813830283732 
 0,580803388566005 
 0,580792964748685 
 0,580782558843294 
 0,580772170875363 
 0,580761800769214 
 0,580751448549819 
 0,580741114142235 
 0,580730797603887 
 0,580720498868151 
 0,580710217892911 
 0,580699954641771 
 0,580689709303134 
 0,580679481664204 
 0,580669271751794 
 0,58065907949101 
 0,580648904886516 
 0,580638747865528 
 0,580628608288283 
 0,580618485848386 
 0,58060837924882 
 0,580598272163393 
 0,580588246243816 
 0,580578187106015 
 0,580568151947361 
 0,580558135540445 
 0,58054813712002 
 0,580538156473765 
 0,580528193479773 
 0,580518248122698 
 0,580508320313973 
 0,580498409981678 
 0,580488517254837 
 0,580478642008549 
 0,580468784240787 
 0,580458943952947 
 0,580449121099083 
 0,580439315660835 
 0,58042952765499 
 0,580419757037659 
 0,580410003815752 
 0,580400267952448 
 0,580390549435599 
 0,580380848236201 
 0,580371164376046 
 0,580361497744203 
 0,580351848551795 
 0,580342216219803 
 0,580332601195079 
 0,580323003264664 
 0,580313422287901 
 0,580303858047674 
 0,580294310029721 
 0,580284777062881 
 0,580275254654881 
 0,580265699790704 
 0,580256391535315 
 0,580246881086489 
 0,580237428176466 
 0,580227998545428 
 0,580218588071795 
 0,580209195693155 
 0,580199820926904 
 0,580190463578063 
 0,580181123499005 
 0,580171800662963 
 0,580162494973353 
 0,580153206403976 
 0,580143934926085 
 0,580134680526773 
 0,580125443120788 
 0,580116222790963 
 0,580107019454241 
 0,580097833125563 
 0,580088663759873 
 0,58007951133314 
 0,580070375879384 
 0,580061257362622 
 0,580052155757492 
 0,580043071054559 
 0,580034003247418 
 0,580024952265396 
 0,580015918181446 
 0,58000690092327 
 0,579997900471952 
 0,579988916772916 
 0,579979949801373 
 0,579970999368623 
 0,579962065036654 
 0,579953143167785 
 0,579944265972502 
 0,579935373706071 
 0,579926506119885 
 0,57991765619987 
 0,57990882331009 
 0,579900007255504 
 0,579891207994611 
 0,579882425435272 
 0,579873659635458 
 0,579864910449889 
 0,579856177956567 
 0,579847462120798 
 0,579838762928075 
 0,579830080324115 
 0,579821414357712 
 0,579812765006007 
 0,579804132214612 
 0,579795516018995 
 0,579786916367916 
 0,579778333311857 
 0,579769766772997 
 0,579761216746624 
 0,579752683285149 
 0,5797441662999 
 0,5797356658126 
 0,579727181856336 
 0,579718714386926 
 0,579710263397483 
 0,579701828906005 
 0,579693410915512 
 0,579685009527687 
 0,579676624883268 
 0,579668257474369 
 0,579659910886177 
 0,579651535466028 
 0,579643238273786 
 0,579634937427238 
 0,579626651288722 
 0,579618381012224 
 0,579610126869851 
 0,579601888859744 
 0,579593667136641 
 0,579585461653065 
 0,57957727242282 
 0,579569099471206 
 0,579560942696858 
 0,579552802243666 
 0,579544677986219 
 0,579536569932951 
 0,579528478080595 
 0,579520402460649 
 0,579512343049432 
 0,579504299775319 
 0,579496272707949 
 0,579488261784991 
 0,579480267022545 
 0,579472288353057 
 0,579464326079239 
 0,579456379478043 
 0,579448449210021 
 0,579440534982164 
 0,579432636938361 
 0,579424754918773 
 0,579416888943972 
 0,579409039040629 
 0,579401205165838 
 0,579393387279972 
 0,579385585197149 
 0,579377803967254 
 0,579370030983763 
 0,579362276808682 
 0,579354538980469 
 0,579346817134832 
 0,579339111283506 
 0,579331421411586 
 0,579323747515854 
 0,57931608952651 
 0,579308447500158 
 0,579300821368347 
 0,579293211099024 
 0,579285616770871 
 0,579278038320849 
 0,579270475787151 
 0,579262929020367 
 0,579255398187012 
 0,579247883168717 
 0,579240383988881 
 0,579232900684212 
 0,57922543314997 
 0,579217981434635 
 0,579210545512267 
 0,579203125396164 
 0,579195721055158 
 0,579188332474816 
 0,579180959640723 
 0,579173602594718 
 0,579166261247419 
 0,579158935051629 
 0,579151625765454 
 0,579144331597949 
 0,579137053126335 
 0,579129790344581 
 0,579122543244374 
 0,579115311831373 
 0,579108096072962 
 0,579100895958095 
 0,579093711505413 
 0,579086542676571 
 0,579079389453391 
 0,579072251901573 
 0,579065129928843 
 0,579058023509308 
 0,579050932709008 
 0,579043857391171 
 0,579036797856739 
 0,579029753736664 
 0,579022725191403 
 0,579015712209478 
 0,579008714740865 
 0,579001732767853 
 0,578994766307456 
 0,578987815368114 
 0,578980879892398 
 0,578973959893821 
 0,578967055350456 
 0,578960166267559 
 0,57895329263224 
 0,578946434323574 
 0,57893959139022 
 0,578932763955626 
 0,578925951717158 
 0,578919154701406 
 0,578912372746969 
 0,578905605534092 
 0,578898851819859 
 0,57889210738746 
 0,578885231853907 
 0,578878732177953 
 0,578872028993702 
 0,578865351342582 
 0,578858691311425 
 0,578852047464887 
 0,578845419412177 
 0,578838806878239 
 0,578832209802294 
 0,578825628132164 
 0,578819061807105 
 0,578812510793232 
 0,578805975125154 
 0,57879945478351 
 0,578792949637334 
 0,578786459742581 
 0,578779985138804 
 0,578773525767456 
 0,5787670815931 
 0,578760652651267 
 0,578754238897477 
 0,578747840393234 
 0,578741456983866 
 0,578735088759709 
 0,57872873566995 
 0,578722397735839 
 0,578716074907092 
 0,578709767129468 
 0,578703474357874 
 0,578697196579981 
 0,578690933577227 
 0,578684685156849 
 0,578678450292715 
 0,578672225830006 
 0,578665957881618 
 0,578659886069038 
 0,578653697005629 
 0,578647535931473 
 0,578641392461026 
 0,578635264947194 
 0,578629152974286 
 0,57862305624928 
 0,578616974719838 
 0,578610908285721 
 0,57860485695842 
 0,578598820626354 
 0,578592799437201 
 0,5785867932177 
 0,578580801977058 
 0,578574825754699 
 0,578568864509494 
 0,578562918234213 
 0,578556986924682 
 0,578551070510564 
 0,578545169124822 
 0,578539282622271 
 0,578533411048087 
 0,578527554410066 
 0,578521712636205 
 0,57851588571813 
 0,578510073717839 
 0,578504276634112 
 0,578498494348982 
 0,578492726870876 
 0,578486974192585 
 0,578481236112949 
 0,57847551249906 
 0,578469802354959 
 0,578464095350571 
 0,578458449797483 
 0,578452778328647 
 0,578447127903163 
 0,57844149334354 
 0,578435874005392 
 0,578430269538469 
 0,578424679999951 
 0,578419105281504 
 0,578413545383542 
 0,578408000266978 
 0,578402469944852 
 0,578396954359792 
 0,578391453520167 
 0,578385967502199 
 0,578380496207989 
 0,578375039583212 
 0,57836959771519 
 0,578364170600412 
 0,578358758153971 
 0,578353360423482 
 0,578347977392529 
 0,578342609106936 
 0,578337255475966 
 0,57833191654745 
 0,578326592327338 
 0,578321282807009 
 0,578315988024805 
 0,578310707948217 
 0,578305442765347 
 0,578300192441844 
 0,578294957286125 
 0,578289737856556 
 0,578284536471211 
 0,578279372360818 
 0,578274099924469 
 0,578268970540827 
 0,578263827994032 
 0,578258696230658 
 0,578253577825903 
 0,578248473432017 
 0,578243383247416 
 0,5782383075233 
 0,578233246752922 
 0,578228199301701 
 0,578223166889515 
 0,578218148942753 
 0,578213145477678 
 0,57820815654826 
 0,578203182059233 
 0,578198222058048 
 0,578193276527322 
 0,578188345485275 
 0,578183428909376 
 0,57817852677769 
 0,578173639108212 
 0,578168765907808 
 0,578163907143019 
 0,578159062814556 
 0,578154232958946 
 0,578149417492524 
 0,578144616440705 
 0,578139829821418 
 0,578135057696304 
 0,578130299768935 
 0,578125556304573 
 0,578120827206208 
 0,578116112324113 
 0,578111410916962 
 0,578106731076046 
 0,578102056655785 
 0,578097399094818 
 0,578092756227221 
 0,578088127779012 
 0,578083513676124 
 0,578078913954768 
 0,578074328591298 
 0,578069757536904 
 0,578065200874668 
 0,578060658481279 
 0,578056130428275 
 0,578051616655237 
 0,578047117218082 
 0,578042632041935 
 0,578038161172429 
 0,578033704607513 
 0,578029262256591 
 0,578024834198974 
 0,578020420426605 
 0,578016020882218 
 0,578011635637566 
 0,578007264515685 
 0,578002907691028 
 0,577998564970245 
 0,577994236515804 
 0,577989922153162 
 0,57798562203952 
 0,5779813358242 
 0,577977063643461 
 0,577972805045815 
 0,577968559644949 
 0,577964325588798 
 0,577960092336334 
 0,577956062516514 
 0,577951762732846 
 0,577947580528782 
 0,577943418936751 
 0,577939273361918 
 0,577935142723757 
 0,577931026685317 
 0,577926925067458 
 0,577922837638429 
 0,577918764491181 
 0,577914705588903 
 0,577910660832335 
 0,57790663025356 
 0,577902613838222 
 0,577898611564558 
 0,577894623396621 
 0,577890649383138 
 0,577886689430224 
 0,577882743659426 
 0,577878811929337 
 0,577874894293589 
 0,577870990754908 
 0,577867101327256 
 0,577863225878207 
 0,577859364495681 
 0,577855517185104 
 0,577851683909857 
 0,577847864604917 
 0,577844059287486 
 0,577840267842992 
 0,577836490238437 
 0,577832726129577 
 0,57782897478635 
 0,577825232049988 
 0,577821741962983 
 0,577817833358112 
 0,577814134144032 
 0,577810453245803 
 0,577806787299849 
 0,577803135872275 
 0,577799498710398 
 0,577795875656598 
 0,577792266661063 
 0,577788671741704 
 0,577785090790159 
 0,577781523849376 
 0,577777970926653 
 0,57777443196868 
 0,577770906997305 
 0,577767395970167 
 0,577763898907982 
 0,577760415808549 
 0,577756946662999 
 0,577753491440161 
 0,577750050179249 
 0,577746622824114 
 0,577743209416276 
 0,577739809941974 
 0,577736424368616 
 0,577733052730434 
 0,577729694931986 
 0,577726351189767 
 0,577723021221059 
 0,577719705191367 
 0,577716403067969 
 0,577713114831062 
 0,57770984053962 
 0,57770658023894 
 0,577703339769227 
 0,577700099974324 
 0,577696881342027 
 0,57769367639631 
 0,57769048527309 
 0,57768730800475 
 0,577684144543623 
 0,577680994964928 
 0,577677859197336 
 0,577674737275699 
 0,577671629162262 
 0,577668534910206 
 0,577665454460169 
 0,577662387859634 
 0,577659335042042 
 0,577656296043128 
 0,577653270830586 
 0,577650259465041 
 0,577647261852478 
 0,577644278077108 
 0,577641308043994 
 0,577638351847621 
 0,577635409287939 
 0,577632480583559 
 0,577629565592347 
 0,577626664316297 
 0,577623776761184 
 0,577620902859829 
 0,577618042589036 
 0,577615195795528 
 0,577612362338022 
 0,577609541822024 
 0,577606732988321 
 0,577603930884136 
 0,577601029646963 
 0,577598452517433 
 0,577595682300032 
 0,577592940567202 
 0,57759021565149 
 0,577587505657747 
 0,577584809936713 
 0,577582128288081 
 0,577579460540635 
 0,577576806654783 
 0,577574166558112 
 0,577571540297506 
 0,577568927679804 
 0,577566328912856 
 0,57756374384458 
 0,577561172530539 
 0,57755861493694 
 0,577556071018526 
 0,577553540897916 
 0,577551024403893 
 0,577548521762157 
 0,577546032627246 
 0,577543557287923 
 0,57754109559659 
 0,577538647786912 
 0,577536213416863 
 0,57753379319561 
 0,577531386575419 
 0,577528993781683 
 0,577526614893965 
 0,577524250092392 
 0,577521899795218 
 0,577519565043271 
 0,577517250149893 
 0,577515010869196 
 0,577512568287876 
 0,577510312913103 
 0,57750804944656 
 0,577505795471362 
 0,577503554162792 
 0,577501325578528 
 0,577499110269067 
 0,577496908395507 
 0,577494719904891 
 0,57749254498349 
 0,577490383589806 
 0,577488235759841 
 0,577486101497845 
 0,577483980809146 
 0,577481873698794 
 0,577479780105266 
 0,577477700191152 
 0,577475633803809 
 0,577473581007536 
 0,577471541791327 
 0,577469516211111 
 0,577467504040536 
 0,577465505613098 
 0,577463520712688 
 0,577461549378174 
 0,577459591629652 
 0,577457647409177 
 0,577455716842199 
 0,577453799830736 
 0,577451896383022 
 0,577450006556969 
 0,577448130505241 
 0,577446268360771 
 0,577444422931431 
 0,577442576518178 
 0,57744075753566 
 0,577438949014069 
 0,577437154752976 
 0,577435373342732 
 0,577433605400903 
 0,577431850981546 
 0,577430110051351 
 0,577428382666159 
 0,577426668825638 
 0,577424968448889 
 0,577423281623176 
 0,577421608417183 
 0,577419948527903 
 0,57741830225458 
 0,577416669532986 
 0,577415050266987 
 0,577413444601617 
 0,577411852322447 
 0,577410273604231 
 0,577408708422268 
 0,577407156695497 
 0,577405618497582 
 0,577404093790332 
 0,577402582574393 
 0,577401084825424 
 0,577399600556151 
 0,577398129751923 
 0,577396672435317 
 0,577395228433084 
 0,577393797781471 
 0,577392380281205 
 0,5773909752734 
 0,577389577640486 
 0,577388233016239 
 0,577386856723893 
 0,577385505205345 
 0,577384168491209 
 0,577382845678023 
 0,577381536486924 
 0,577380240910415 
 0,577378958875921 
 0,577377690326915 
 0,577376435321615 
 0,577375193763531 
 0,577373965635014 
 0,577372751033078 
 0,577371549881978 
 0,57737036220994 
 0,577369188008224 
 0,577368027239854 
 0,577366879961965 
 0,577365746121207 
 0,577364625720477 
 0,577363518786419 
 0,57736242526243 
 0,577361345209769 
 0,577360278633171 
 0,577359225395625 
 0,577358185640474 
 0,57735715926529 
 0,577356146289226 
 0,57735514666106 
 0,57735416031794 
 0,577353187161335 
 0,577352226887159 
 0,577351278506766 
 0,577350335813499 
 0,577349486525871 
 0,577348541968733 
 0,577347644641146 
 0,577346764465225 
 0,577345898612892 
 0,577345046528257 
 0,577344208090582 
 0,57734338318081 
 0,577342571829349 
 0,577341773860148 
 0,577340989181708 
 0,577340218401857 
 0,577339460784026 
 0,577338716658695 
 0,577337985954251 
 0,577337268670837 
 0,577336564829951 
 0,577335874413389 
 0,577335197436431 
 0,57733453384465 
 0,577333883695642 
 0,577333246986291 
 0,577332623666033 
 0,57733201374944 
 0,57733141727059 
 0,577330834199512 
 0,577330264531876 
 0,577329708268361 
 0,577329165419309 
 0,57732863596033 
 0,577328119890964 
 0,577327617147245 
 0,577327127668356 
 0,577326650850257 
 0,577326203242829 
 0,577325743035683 
 0,577325306795593 
 0,577324884416905 
 0,57732447554967 
 0,577324080111256 
 0,577323698261682 
 0,577323329664599 
 0,577322974524492 
 0,577322632816123 
 0,57732230449867 
 0,577321989597011 
 0,57732168810641 
 0,577321400043257 
 0,577321125348455 
 0,577320864021972 
 0,577320616116157 
 0,577320381642919 
 0,577320160541217 
 0,577319952866719 
 0,577319758589003 
 0,577319577740768 
 0,577319410226338 
 0,577319256144066 
 0,577319115453991 
 0,577318988169576 
 0,57731887428282 
 0,577318773806977 
 0,577318686717569 
 0,57731861302655 
 0,577318552721937 
 0,577318505825199 
 0,577318472331695 
 0,577318452245644 
